AdaptiveNsga	=	0	
PopulationSize	=	100	
GenerationAmount	=	200	
ObjNumber	=	2	
InEqConNumber	=	0	
EqConNumber	=	0	
RealVar	=	2	
RealLowerBounds1	=	-3.141592654	3.141592654
RealLowerBounds2	=	-3.141592654	3.141592654
ProbabilityCross	=	0.9	
ProbabilityMutation	=	0.15	
EtaC	=	10	
EtaM	=	20	
BinVar	=	0	
